200
230
264
304
350
402
462
531
611
703
808
929
1068
1228
1412
1624
1868
2148
2470
2840
3096
3375
3679
4010
4371
4764
5193
5660
6169
6724
7329
7989
8708
9492
10346
11277
12292
13398
14604
15918
17351
18913
20615
22470
24492
26696
29099
31718
34573
37685
39192
40760
42390
44086
45849
47683
49590
51574
53637
55782
58013
60334
62747
65257
67867
70582
73405
76341
79395
82571
85874
89309
92881
96596
100460
104478
108657
113003
117523
122224
124057
125918
127807
129724
131670
133645
135650
137685
139750
141846
143974
146134
148326
150551
152809
155101
157428
159789
162186